关键词,20161206,20161205,20161204,20161203,20161202,20161201,20161130,20161129,20161128,20161127,20161126,20161125,20161124,20161123,20161122,20161121,20161120,20161119,20161118,20161117,20161116,20161115,20161114,20161113,20161112,20161111,20161110,20161109,20161108,20161107
天降恶邻,,,,,,,,,,,,,,,,,,,,,,,,,,,,,,
超级幼儿园,,,,,,,,,,,,,,,,,,,,,,,,,,,,,,
难忘金银滩,,,,,,,,,,,,,,,,,,,,,,,,,,,,,,
铁道飞虎,37154,23605,28056,23249,25274,11336,21945,6369,16735,8166,5128,8729,17333,15706,17621,19048,31391,10442,4051,1746,4084,12727,25043,20615,1902,1383,2536,8730,4002,1554
悟空圣诞奇遇记,,,,,,,,,,,,,,,,,,,,,,,,,,,,,,
傻儿夫妻小神郎,,,,,,,,,,,,,,,,,,,,,,,,,,,,,,
摆渡人,13470,7791,22352,41885,29534,35706,28201,11581,26559,36900,38930,17302,18736,49938,37059,10049,14148,7241,9050,51879,27545,13649,9412,7571,16489,20034,41293,44626,120057,63210
功夫四侠,,,,,,,,,,,,,,,,,,,,,,,,,,,,,,
五女闹京城,,,,,,,,,,,,,,,,,,,,,,,,,,,,,,
咸鱼传奇,,,,,,,,,,,,,,,,,,,,,,,,,,,,,,
少年,427753,353004,372738,441773,477257,304869,396425,455894,653002,517305,515193,666286,551820,575225,622067,529687,705216,647042,616542,565625,476843,461709,581161,513343,466737,300877,316755,327732,429066,337850
罗曼蒂克消亡史,2162,2177,2720,2052,6568,18699,8546,1460,955,3624,13538,3680,964,1889,714,619,5929,1258,7598,1068,971,2967,180,206,110,10896,240,199,669,6782
长城,1504493,1133379,1411363,1287621,807029,676079,732264,609368,1256750,1381955,1485989,1276098,1235541,1235763,1166574,1204739,1426534,1816343,1540262,1715709,1545720,1775109,1468829,1345547,1338912,1178256,1137613,1182070,1349726,1163441
流金,636,825,673,491,1685,2001,1382,1150,1276,1775,1766,1697,879,687,1152,1193,1120,574,801,1160,1134,1443,1134,1125,796,1291,1923,1554,1150,887
先锋之那时青春,,,,,,,,,,,,,,,,,,,,,,,,,,,,,,
球舞青春,,,,,,,,,,,,,,,,,,,,,,,,,,,,,,
逗逗迪迪之美梦年年,,,,,,,,,,,,,,,,,,,,,,,,,,,,,,
牡丹仙子之皇帝昭曰,,,,,,,,,,,,,,,,,,,,,,,,,,,,,,
凄灵室,,,,,,,,,,,,,,,,,,,,,,,,,,,,,,
爸爸的3次婚礼,,,,,,,,,,,,,,,,,,,,,,,,,,,,,,
呆呆计划,,,,,,,,,,,,,,,,,,,,,,,,,,,,,,
反黑行动组,826,762,424,425,246,351,1777,1453,65,7,28,69,21,599,9,240,18,5,101,11,866,23,134,19,12,46,13,77,0,0
那年夏天你去了哪里,,,,,,,,,,,,,,,,,,,,,,,,,,,,,,
少年巴比伦,123,144,339,567,854,6577,22,74,8,12,15,18,21,50,19,28,21,17,34,36,49,74,37,25,30,19,38,36,50,442
塔洛,1019,540,320,327,2386,9258,115,116,145,305,158,240,265,878,453,609,278,213,600,140,207,85,51,68,170,70,52,71,55,174
28岁未成年,34774,11633,6320,7852,20092,20706,18627,41744,34136,32112,16856,11209,7404,22212,2533,2315,1595,1431,3073,6943,8843,32154,5256,1282,1543,3708,990,2220,1315,301
萨利机长,,,,,,,,,,,,,,,,,,,,,,,,,,,,,,
纯洁心灵·逐梦演艺圈,,,,,,,,,,,,,,,,,,,,,,,,,,,,,,
血战钢锯岭,,,,,,,,,,,,,,,,,,,,,,,,,,,,,,
试睡员48小时,,,,,,,,,,,,,,,,,,,,,,,,,,,,,,
锅是铁,,,,,,,,,,,,,,,,,,,,,,,,,,,,,,
东宫皇子,,,,,,,,,,,,,,,,,,,,,,,,,,,,,,
老腔,48,79,135,115,201,884,97,51,57,40,35,24,23,52,2702,24,39,51,430,20,29,25,31,23,31,29,17,30,1307,4171
沙漠之心,,,,,,,,,,,,,,,,,,,,,,,,,,,,,,
冒牌卧底,,,,,,,,,,,,,,,,,,,,,,,,,,,,,,
超级快递,14029,24264,32022,51316,74249,234733,302551,40082,48682,28649,21304,36333,18047,13654,8015,12234,4869,2169,4163,4933,13198,14837,4149,1932,9735,6998,21692,9004,29260,7766
极速之巅,,,,,,,,,,,,,,,,,,,,,,,,,,,,,,
三少爷的剑,23208,12958,13836,19689,29790,19376,12057,6727,4552,1582,1037,2248,2508,4077,890,830,214,540,1640,7020,249,452,139,172,256,253,174,391,209,274
佩小姐的奇幻城堡,,,,,,,,,,,,,,,,,,,,,,,,,,,,,,
你的名字。,,,,,,,,,,,,,,,,,,,,,,,,,,,,,,
爱你的人,,,,,,,,,,,,,,,,,,,,,,,,,,,,,,
间谍同盟,19245,19355,25535,58037,72575,52498,84495,62273,26594,41036,61720,61675,91385,192081,129286,44770,985,2408,6173,8558,1389,19420,27818,1068,182,804,5049,4878,756,105
热土悲歌,,,,,,,,,,,,,,,,,,,,,,,,,,,,,,
骆驼客2之箭在弦,,,,,,,,,,,,,,,,,,,,,,,,,,,,,,
越囧,,,,,,,,,,,,,,,,,,,,,,,,,,,,,,
夏威夷之恋,,,,,,,,,,,,,,,,,,,,,,,,,,,,,,
怨灵地下室,,,,,,,,,,,,,,,,,,,,,,,,,,,,,,
最萌身高差,1027,4765,2282,1439,4757,6959,5786,3988,8560,4622,8348,15370,12364,9366,8227,12786,6422,3681,5689,7228,9122,7874,7972,4823,6152,6592,2616,2520,3178,9376
冲天火,828,905,6085,3930,932,3198,3853,4109,7375,10141,13743,17826,9060,18780,59905,66334,63279,22401,15701,27931,21565,16923,17737,20332,5926,6865,8395,6580,7939,8037
海洋奇缘,3958,4228,5252,7064,6359,10083,10077,10936,13444,20782,21016,18582,15482,12151,5316,6252,4609,5011,4627,1723,3073,1070,4459,6627,703,415,548,760,4712,666
神奇动物在哪里,31140,41040,50344,55348,55150,65593,78594,94366,146779,176124,183956,102574,39967,22937,22598,11238,21226,47813,32313,16968,10117,7227,5471,14468,5262,4074,4905,16055,7409,1237
少年梦,,,,,,,,,,,,,,,,,,,,,,,,,,,,,,
白云桥,,,,,,,,,,,,,,,,,,,,,,,,,,,,,,
武林探秘,,,,,,,,,,,,,,,,,,,,,,,,,,,,,,
辣警霸王花,,,,,,,,,,,,,,,,,,,,,,,,,,,,,,
我是处女座,,,,,,,,,,,,,,,,,,,,,,,,,,,,,,
阿拉丁与神灯,,,,,,,,,,,,,,,,,,,,,,,,,,,,,,
红颜容,,,,,,,,,,,,,,,,,,,,,,,,,,,,,,
深海浩劫,,,,,,,,,,,,,,,,,,,,,,,,,,,,,,
最后证言,,,,,,,,,,,,,,,,,,,,,,,,,,,,,,
非常绑架,,,,,,,,,,,,,,,,,,,,,,,,,,,,,,
脱单宝典,,,,,,,,,,,,,,,,,,,,,,,,,,,,,,
兄弟之北漂歌手,,,,,,,,,,,,,,,,,,,,,,,,,,,,,,
聊斋新编之画皮新娘,,,,,,,,,,,,,,,,,,,,,,,,,,,,,,
隔离岛,,,,,,,,,,,,,,,,,,,,,,,,,,,,,,
外公芳龄38,274,298,238,207,255,340,264,382,349,375,695,785,1451,1279,1384,2181,2660,2909,2946,5309,4732,9683,13521,16542,37458,55004,49781,6539,12947,14131
比利·林恩的中场战事,1284,158,207,246,463,474,364,388,367,535,556,699,1065,1106,1376,2145,3943,3792,3671,4381,4192,16144,9650,14842,18757,13315,10383,31330,11184,8092
航海王之黄金城,253,527,382,269,465,739,735,476,886,2225,1330,1257,1629,2283,2959,3174,5326,5732,14005,6765,5317,5286,7394,10635,14707,21089,10029,13818,5701,2775
比利林恩的中场战事,1284,158,207,246,463,474,364,388,367,535,556,699,1065,1106,1376,2145,3943,3792,3671,4381,4192,16144,9650,14842,18757,13315,10383,31330,11184,8092
航海王,253,527,382,269,465,739,735,476,886,2225,1330,1257,1629,2283,2959,3174,5326,5732,14005,6765,5317,5286,7394,10635,14707,21089,10029,13818,5701,2775
贫穷富爸爸,,,,,,,,,,,,,,,,,,,,,,,,,,,,,,
生死96小时,,,,,,,,,,,,,,,,,,,,,,,,,,,,,,
减法人生,,,,,,,,,,,,,,,,,,,,,,,,,,,,,,
邻家大贱谍,,,,,,,,,,,,,,,,,,,,,,,,,,,,,,
被劫持的爱情,,,,,,,,,,,,,,,,,,,,,,,,,,,,,,
盛先生的花儿,,,,,,,,,,,,,,,,,,,,,,,,,,,,,,
一句顶一万句,188,293,611,783,134,176,196,284,596,241,319,254,268,340,490,539,740,470,708,596,1693,560,659,706,1289,975,1353,5350,19074,5393
奇异博士,1687,1284,1672,2935,2659,3180,3144,3824,5454,3682,3377,7114,13401,9359,10849,12309,20440,24950,16825,17428,24192,26445,16308,24034,27959,22951,20403,34167,40556,56078
脑残粉,,,,,,,,,,,,,,,,,,,,,,,,,,,,,,
恐怖笔记,,,,,,,,,,,,,,,,,,,,,,,,,,,,,,
何去何从,1659,2053,1621,7354,1548,5136,2372,2813,2209,1970,4940,2559,2374,2677,1787,1747,2018,2018,2048,2421,2589,2498,12834,2245,2711,4665,1806,3224,2148,2055
导火新闻线,,,,,,,,,,,,,,,,,,,,,,,,,,,,,,
魔发精灵,,,,,,,,,,,,,,,,,,,,,,,,,,,,,,
杠上开花,,,,,,,,,,,,,,,,,,,,,,,,,,,,,,
异性合租的往事,,,,,,,,,,,,,,,,,,,,,,,,,,,,,,
龙珠Z：复活的弗利萨,39,29,33,28,17,21,22,22,30,46,34,71,82,26,37,44,61,22,70,60,75,41,44,52,55,67,56,124,27,66
复活的弗利萨,,,,,,,,,,,,,,,,,,,,,,,,,,,,,,
龙珠Z,39,29,33,28,17,21,22,22,30,46,34,71,82,26,37,44,61,22,70,60,75,41,44,52,55,67,56,124,27,66
爱的钟声,,,,,,,,,,,,,,,,,,,,,,,,,,,,,,
铠甲勇士,62,26,32,41,54,35,38,90,20,77,212,38,40,37,46,71,109,103,84,83,101,48,36,35,76,30,39,94,134,40
鲁滨逊漂流记,23,13,11,16,13,12,14,34,16,31,36,30,39,28,14,22,24,17,10,37,18,21,27,23,21,29,50,99,33,27
爱情不等式,,,,,,,,,,,,,,,,,,,,,,,,,,,,,,
宾虚,17,24,22,43,60,66,73,52,121,58,11,12,11,11,16,22,6,8,3,7,7,13,11,9,8,10,8,9,8,5
圆梦巨人,167,62,99,252,91,84,187,134,265,294,146,190,211,223,146,180,163,102,104,199,281,485,326,358,429,126,106,143,433,219
勇士,23902,17465,17157,11959,28710,6987,9520,11870,6498,10529,12689,11269,17418,16331,17224,21554,17933,18944,25968,30222,20296,27418,12712,11698,13161,12737,9106,32719,24959,14155
驴得水,670,902,2175,742,601,801,1024,2911,1549,1405,19288,3440,2362,2655,4215,2200,4791,2977,4798,4183,4360,7209,3596,6069,6923,11320,6138,7379,9520,13036
机械师2,178,285,365,646,849,976,385,163,332,1511,188,197,474,658,450,561,349,287,368,414,697,258,357,404,358,539,422,733,959,865
侠探杰克,,,,,,,,,,,,,,,,,,,,,,,,,,,,,,
凶手还未睡,,,,,,,,,,,,,,,,,,,,,,,,,,,,,,
但丁密码,286,107,351,411,496,424,482,145,56,88,131,110,105,84,121,338,131,181,354,475,160,200,285,252,334,806,1453,1863,1050,1800
枕边有张脸2,,,,,,,,,,,,,,,,,,,,,,,,,,,,,,
捉迷藏,2225,2491,1450,1740,2728,2039,2057,2507,3017,2646,2363,3031,1807,2138,1906,2980,3786,3397,3677,4845,4409,10629,10144,7204,8054,7342,9020,7753,30637,20285
非常父子档,,,,,,,,,,,,,,,,,,,,,,,,,,,,,,
爵迹,20571,13348,25896,27749,13481,30381,23443,12565,18201,22389,14754,9247,16043,17666,19012,21539,32643,33356,19917,20671,40055,35109,33883,39686,40341,31865,32753,19563,17010,42221
我不是潘金莲,3697,3260,3674,5252,12301,5667,6121,8475,13960,30026,29547,24988,29553,24688,29091,45212,65007,118275,143404,57847,70104,77944,18385,13822,7492,1890,5554,11839,11131,6160
从你的全世界路过,16159,13941,8510,9365,12618,12016,8156,9702,12181,11025,10184,8701,11563,8554,8306,27972,19101,10714,12100,20439,19630,19591,10775,17359,19603,12114,16322,18002,15859,25271
湄公河行动,620,900,876,1789,1047,647,553,3675,1057,2341,3546,919,1337,1194,2807,2830,1188,1577,2196,1502,1355,1125,1650,1085,1300,1536,1656,1771,3883,4823
东北往事之破马张飞,,,,,,,,,,,,,,,,,,,,,,,,,,,,,,
食人岛,,,,,,,,,,,,,,,,,,,,,,,,,,,,,,
看见我和你,,,,,,,,,,,,,,,,,,,,,,,,,,,,,,
234说爱你,,,,,,,,,,,,,,,,,,,,,,,,,,,,,,
囧游凤凰谷,,,,,,,,,,,,,,,,,,,,,,,,,,,,,,
地球四季,,,,,,,,,,,,,,,,,,,,,,,,,,,,,,
王牌逗王牌,56,83,75,93,54,66,63,76,135,139,144,157,102,93,78,140,218,104,248,241,241,141,140,178,168,500,274,409,440,553
我是哪吒,,,,,,,,,,,,,,,,,,,,,,,,,,,,,,
萤火奇兵,,,,,,,,,,,,,,,,,,,,,,,,,,,,,,
终结者2,13,27,23,37,95,24,45,14,20,40,15,11,9,15,13,31,9,9,18,19,24,40,57,61,115,29,20,14,25,29
新东方神娃,,,,,,,,,,,,,,,,,,,,,,,,,,,,,,
清枫传奇,,,,,,,,,,,,,,,,,,,,,,,,,,,,,,
幽灵医院,,,,,,,,,,,,,,,,,,,,,,,,,,,,,,
暗杀游戏,,,,,,,,,,,,,,,,,,,,,,,,,,,,,,
热血雷锋侠之激情营救,,,,,,,,,,,,,,,,,,,,,,,,,,,,,,
有迹可循,,,,,,,,,,,,,,,,,,,,,,,,,,,,,,
育婴室,51,16,12,22,23,15,17,9,35,12,12,17,51,22,98,19,41,42,365,237,838,407,445,86,60,29,38,60,176,111
笑林足球,,,,,,,,,,,,,,,,,,,,,,,,,,,,,,
谁的青春不热血之深流不息,,,,,,,,,,,,,,,,,,,,,,,,,,,,,,
三个孬家伙,,,,,,,,,,,,,,,,,,,,,,,,,,,,,,
新木偶奇遇记,,,,,,,,,,,,,,,,,,,,,,,,,,,,,,
那年我对你的承诺,,,,,,,,,,,,,,,,,,,,,,,,,,,,,,
诡眼,,,,,,,,,,,,,,,,,,,,,,,,,,,,,,
奇妙的朋友之萌爱2016,,,,,,,,,,,,,,,,,,,,,,,,,,,,,,
勇士之门,1858,2022,1861,1852,1149,49,177,101,702,579,336,368,1196,5503,3539,11260,5380,7576,13006,13873,13224,17201,824,608,1289,2084,381,15771,2783,1311
夜闯寡妇村,,,,,,,,,,,,,,,,,,,,,,,,,,,,,,
夺路而逃,39,64,54,59,69,50,86,57,87,120,169,177,213,69,115,238,245,3611,8135,450,467,337,9879,18270,23650,12470,19374,26130,14951,24563
你的名字,,,,,,,,,,,,,,,,,,,,,,,,,,,,,,
